11001001000011111101
10101010001000100001
01101000110000100011
01001100010011000110
01100010100010111000
00001101110000011100
11010001001010010000
00100100111000001000
10001010011001111100
11000111010000000010
00001011101111101010
01100011101100010011
10011011001000100101
00010100101000001000
01111001100011100011
01000000010011011101
11101111100101010001
10011011001111001101
00111010010000110001
10110011000000101011
00001010011011011111
00100101111100010100
00110111010011111110
00010011010101101101
01101101010100011100
00100100010111100100
10000101101101010111
01100110001001011110
01111110110001101111
01000100110001000010
11101001101001100011
01111110110101101011
00001011111111110101
11001011011011110100
00000110101101111110
11011110111000111000
01101011111110110101
10101000100110011111
10100101101011101001
11110010010000010001
01111100010010110001
11111110011001001001
00101000011001100101
00011110110011100100
01011011001111011100
00100000000001111100
10111000101000010110
00111011111100000101
10011000110110100100
