10101101111110000101
01000101100010100010
10111011010010101001
10101010111111011100
01010110001000000010
01110011110100111100
11110001110110001011
10011100010110000011
11001110001011010011
01101001010110101001
11100001001101100100
00010001010001100100
00110011111110111100
11001001001110011101
11001110001001001001
10110011111011111001
01111101001011111110
00110110001101100011
00001100011101011101
10001111011010000001
10110010000000101010
11101100010001100001
01111010110100111101
11110001111011010101
11010101111111010110
01010110000100100100
00110011111101010001
11110101111100000110
01101110110100001000
01010110001101100101
01010101001111011110
11010001101011110011
10110101010101110001
00110101111001111111
01010111110010010011
01011001100001001111
00001100011100001110
00001110011010001011
01110111111000101010
01101000100111011010
11110011111011111110
10000111001000011101
11110001010110001010
00010011011010101101
11100111001101010011
00001010110011001010
01001111010010000011
10100111100101111010
10111100000010101011
